station "gyyuktf" {
    capacite : 10.0 ;
    longitude : 6.022671 ;
    latitude : 47.246511
}