station "a" {
    latitude:47.2477615;
    longitude:5.9835995;
    capacite:12;
    capacite:15
}

station "A" {
    capacite : 10 ;
    longitude : 6.022671 ;
    latitude : 47.246511;
    latitude : 42.54478
}